蔬菜名称 最低价格 最高价格 平均价格
蜜柿 2.6 3.5 3.05
柿饼 7.0 12.0 9.5
磨盘柿子 1.5 1.7 1.6
脆皮柿子 2.0 2.5 2.25
甘蔗 1.3 1.5 1.4
鸡毛菜 2.0 2.5 2.25
荆芥 4.0 5.0 4.5
豌豆苗 4.0 4.5 4.25
油菜 1.5 2.0 1.75
小白菜 2.0 2.5 2.25
油麦菜 3.0 3.5 3.25
紫薯 1.8 3.5 2.65
茭白 4.6 5.0 4.8
荸荠 3.6 4.0 3.8
豇豆 3.8 4.5 4.15
白不老 4.0 6.5 5.25
油豆 3.0 5.5 4.25
柠檬 4.0 5.0 4.5
石榴 3.0 6.0 4.5
雪里蕻 1.2 1.5 1.35
散菜花 3.0 4.3 3.65
绿菜花 3.0 3.5 3.25
线椒 3.5 4.0 3.75
杭椒 3.0 3.8 3.4
大白菜 0.8 1.2 1.0
娃娃菜 1.3 1.5 1.4
快菜 2.5 3.0 2.75
苦菊 3.0 4.0 3.5
奶白菜 2.5 3.0 2.75
散生菜 4.0 5.0 4.5
芋头 1.5 2.0 1.75
甘露 5.0 5.5 5.25
毛豆 3.5 4.5 4.0
玉米 2.0 2.5 2.25
山楂 1.5 4.5 3.0
姑娘果（灯笼果） 7.0 10.0 8.5
绿豆芽 0.95 1.0 0.98
黄豆芽 0.85 0.9 0.88
小米椒 5.0 6.0 5.5
彩椒 7.0 8.0 7.5
小白菜 0.8 1.0 0.9
圆白菜 2.0 2.5 2.25
穿心莲 3.5 4.0 3.75
木耳菜 5.0 6.0 5.5
香葱 6.0 6.5 6.25
茼蒿 3.5 4.0 3.75
姜 1.5 3.5 2.5
洋姜 1.2 1.5 1.35
花生 2.8 4.0 3.4
苦瓜 4.0 5.0 4.5123 1.5 2.0 1.75
鸭梨 1.1 1.5 1.3
番茄 1.3 2.5 1.9
番茄 2.5 3.0 2.75
白萝卜 1.0 1.5 1.25
心里美 1.4 1.8 1.6
圆白菜 1.0 1.5 1.25
紫甘蓝 0.8 1.0 0.9
菠萝 2.5 2.8 2.65
圣女果 5.0 6.0 5.5
蒿子秆 1.8 2.0 1.9
大蒜 3.0 4.4 3.7
蒜米 3.2 3.8 3.5
丝瓜 3.5 5.0 4.25
西葫芦 2.0 2.5 2.25
雪花梨 1.2 1.5 1.35
皇冠梨 1.8 2.2 2.0
黄瓜 2.5 4.0 3.25
黄瓜 3.5 5.0 4.25
卞萝卜 0.8 1.0 0.9
芥菜头 0.6 0.8 0.7
芹菜 2.5 3.0 2.75
西芹 2.7 3.3 3.0
百香果 7.0 8.0 7.5
桑葚 12.0 14.0 13.0
水萝卜 3.0 3.5 3.25
樱桃萝卜 1.5 2.0 1.75
大葱 2.2 3.5 2.85
小葱 5.0 6.0 5.5
西葫芦 3.0 3.5 3.25
佛手瓜 1.5 2.0 1.75
皇冠梨 1.4 1.8 1.6
南果梨 1.5 3.5 2.5
小黄瓜 4.0 5.0 4.5
茄子 2.2 3.3 2.75
青萝卜 1.2 1.5 1.35
胡萝卜 0.8 1.3 1.05
菠菜 2.0 2.5 2.25
莴笋 1.5 3.0 2.25
冬枣 2.0 6.0 4.0
黑枣 7.0 9.0 8.0
香芹 3.0 4.0 3.5
菠菜 5.0 6.0 5.5
蒜苗 3.0 6.5 4.75
蒜黄 4.0 4.5 4.25
贝贝南瓜 2.5 2.6 2.55
金丝南瓜 1.1 1.4 1.25
丰水梨 3.0 3.4 3.2
广梨 1.5 3.0 2.25
长茄 1.6 2.8 2.2
胡萝卜 1.0 1.4 1.2团生菜 3.0 5.0 4.0
宁玉草莓 22.0 23.0 22.5
苋菜 2.5 3.0 2.75
菊花菜 3.0 4.0 3.5
青蒜 4.0 4.5 4.25
板栗南瓜 1.4 1.5 1.45
酥梨 1.5 1.8 1.65
库尔勒香梨 3.5 4.3 3.9
广茄 3.0 4.5 3.75
线茄 4.0 6.0 5.0
土豆 0.75 0.9 0.83
土豆 0.9 1.2 1.05
散叶生菜 2.5 3.0 2.75
罗马生菜 2.6 3.0 2.8
人参果 3.5 5.0 4.25
火龙果 2.0 6.0 4.0
黄心菜 3.5 4.5 4.0
青蒜 4.0 4.5 4.25
平菇 2.5 3.0 2.75
南北瓜 0.7 0.8 0.75
尖椒 3.5 4.5 4.0
红啤梨 3.5 4.5 4.0
冬瓜 1.4 1.6 1.5
冬瓜 0.7 0.8 0.75
葱头 0.9 0.95 0.93
葱头 1.3 1.35 1.33
油菜 1.3 1.8 1.55
火龙果 3.5 5.0 4.25
盖菜 2.0 3.0 2.5
香菇 3.0 5.0 4.0
红尖椒 3.5 5.0 4.25
毛冬瓜 1.2 1.8 1.5
山药 2.6 3.5 3.05
香菜 4.0 5.5 4.75
板栗 2.5 3.0 2.75
芥兰 3.0 3.5 3.25
白玉菇 4.5 5.5 5.0
美人椒 4.5 7.0 5.75
架豆 4.0 7.0 5.5
山药 3.8 7.5 5.65
茴香 3.0 4.0 3.5
油栗 3.5 8.0 5.75
菜心 2.5 3.0 2.75
口蘑 8.0 9.0 8.5
螺丝椒 5.0 6.0 5.5
豆王 3.5 6.0 4.75
莲藕 2.5 4.0 3.25
韭菜 2.8 3.2 3.0
木瓜 3.7 4.0 3.85
空心菜 3.0 3.5 3.25
杏鲍菇 3.5 4.5 4.0柿子椒 3.5 4.3 3.9
扁豆 3.0 7.0 5.0
红薯 0.8 1.1 0.95
苦菊 1.8 2.2 2.0
金针菇 3.5 3.8 3.65
红薯 1.5 1.8 1.65
油麦菜 2.5 3.0 2.75
黄心菜 0.8 1.2 1.0
富士 1.8 2.4 2.1
羊蝎子 26.0 26.0 26.0
富士 2.8 3.8 3.3
羊排骨 25.0 26.0 25.5
鸡琵琶腿 7.0 7.5 7.25
西梅 16.0 17.0 16.5
水仙芒果 10.0 11.0 10.5
腔排骨 13.0 15.0 14.0
蜜梨 2.0 2.5 2.25
牛后腿 34.0 34.0 34.0
富士 2.0 2.5 2.25
羊尾巴油 8.0 8.0 8.0
鸡胗 12.0 16.0 14.0
无籽小号-大号 2.6 3.2 2.9
白条猪 10.75 10.75 10.75
棒骨 9.0 10.0 9.5
京白梨 1.6 2.0 1.8
牛腰窝 34.0 34.0 34.0
黄元帅 1.6 2.4 2.0
羊小腿 23.0 24.0 23.5
鸡爪 15.0 15.0 15.0
麒麟、甜蜜蜜 3.0 4.2 3.6
白条猪 9.25 9.25 9.25
猪头 9.0 9.0 9.0
贵妃梨 1.2 1.5 1.35
牛柳 37.0 37.0 37.0
花牛 1.5 2.8 2.15
羊腱子肉 35.0 36.0 35.5
鸡心 6.0 6.0 6.0
黑美人 2.8 3.0 2.9
前臀尖 10.0 11.0 10.5
猪口条 14.0 14.0 14.0
蜜桔 1.2 2.4 1.8
精牛柳 40.0 42.0 41.0
阿克苏 3.5 4.5 4.0
羊上脑 34.0 34.0 34.0
鸡肝 2.5 2.5 2.5
特小凤 2.5 2.8 2.65
前臀尖 9.5 10.0 9.75
猪耳 26.0 26.0 26.0
小叶桔 1.5 2.5 2.0
牛腩 33.0 34.0 33.5
国光 1.5 2.4 1.95羊骨头 10.0 10.0 10.0
鸡脖子 4.5 4.5 4.5
L600吊秧瓜 3.0 4.0 3.5
后臀尖 10.0 11.0 10.5
猪脑 28.0 30.0 29.0
南丰蜜桔 3.0 3.5 3.25
牛林 33.0 34.0 33.5
寒富苹果 1.5 1.8 1.65
羊腩 25.0 25.0 25.0
鸡头 2.5 2.5 2.5
甜王 2.6 2.8 2.7
后臀尖 9.5 10.0 9.75
猪肚 16.0 16.0 16.0
砂糖橘 5.5 6.5 6.0
牛油 5.0 5.0 5.0
王林 1.2 1.5 1.35
羊里脊 34.0 34.0 34.0
鸡架子 2.5 2.5 2.5
国产香蕉 2.0 2.5 2.25
五花肉 11.5 13.0 12.25
猪板油 6.0 6.0 6.0
耙耙柑（丑橘） 2.5 3.5 3.0
牛金钱腱 48.0 50.0 49.0
阳光玫瑰 10.0 23.0 16.5
淘汰鸡 10.0 10.0 10.0
白条乌鸡 11.0 11.0 11.0
南美、菲律宾香蕉 2.5 3.3 2.9
五花肉 10.0 11.5 10.75
肥膘肉 4.0 5.0 4.5
爱媛 4.0 6.0 5.0
牛骨 5.0 5.0 5.0
红提 4.0 5.0 4.5
淘汰鸡 9.0 9.5 9.25
黑爪公鸡 12.0 12.0 12.0
泰国香蕉 6.5 7.5 7.0
纯通脊 11.0 12.0 11.5
猪腰子 14.0 15.0 14.5
赣南脐橙Ф65-Ф95 3.5 4.5 4.0
牛排骨 30.0 30.0 30.0
红宝石 4.5 5.0 4.75
仔鸡 6.5 7.0 6.75
鸭腿 6.0 6.5 6.25
晓蜜25号 2.2 2.6 2.4
通脊 9.0 10.0 9.5
猪心 8.0 8.0 8.0
冰糖橙 1.8 3.5 2.65
牛板筋 34.0 35.0 34.5
克伦生 6.0 8.0 7.0
肉鸡 6.5 6.5 6.5
白条湖鸭 7.0 7.0 7.0
黄金瓜 3.0 3.5 3.25纯瘦肉 10.5 11.0 10.75
猪肝 5.0 5.0 5.0
金桔 6.0 8.0 7.0
牛尾 30.0 30.0 30.0
辽峰 3.5 5.5 4.5
鸡胸 6.5 7.0 6.75
箱鸡蛋 232.0 237.0 234.5
玉菇 3.0 3.8 3.4
护心肉 13.0 13.0 13.0
猪肺 3.0 4.0 3.5
蜜柚 1.5 2.8 2.15
牛上脑 34.0 34.0 34.0
新疆无核 3.8 5.0 4.4
鸡翅 10.0 10.5 10.25
箱鸡蛋 5.27 5.45 5.36
网纹 3.5 4.5 4.0
前肘 8.0 10.0 9.0
猪皮 3.0 5.0 4.0
蜜柚 1.0 1.6 1.3
整羊 24.0 25.5 24.75
巨峰 2.5 3.0 2.75
鸡翅尖 7.0 7.5 7.25
散鸡蛋 5.6 5.6 5.6
西洲蜜 1.8 2.4 2.1
后肘（带骨） 7.0 8.0 7.5
猪肠头 16.0 16.0 16.0
青州蜜桃 2.0 2.8 2.4
去骨羊前腿 34.0 34.0 34.0
木纳格 3.0 4.8 3.9
鸡翅中 20.0 20.0 20.0
生鸭蛋 6.7 7.5 7.1
羊角蜜 3.0 3.5 3.25
后肘（去骨） 9.0 9.5 9.25
猪肠 14.0 14.0 14.0
晚蜜 3.0 5.0 4.0
去骨羊后腿 35.0 35.0 35.0
紫甜 4.0 5.0 4.5
鸡翅根 7.5 7.5 7.5
熟鸭蛋 7.3 8.5 7.9
花蕾甜瓜 2.8 3.5 3.15
猪尾巴 38.0 38.0 38.0
整牛 32.5 32.75 32.63
猕猴桃 3.5 5.5 4.5
羊腰窝 33.0 33.0 33.0
凯特 4.0 4.5 4.25
鸡边腿 6.5 7.0 6.75
松花蛋 7.2 8.5 7.85
绿宝甜瓜 2.5 3.5 3.0
猪蹄 17.0 17.0 17.0
牛前腱 36.5 37.0 36.75
猕猴桃 2.0 2.6 2.3羊肉片 34.0 38.0 36.0
肯特\新世纪\澳芒 4.0 6.0 5.0
鸡排腿 7.0 7.5 7.25
鹅蛋 13.0 15.0 14.0
博阳 2.8 3.5 3.15
纯排骨 18.0 22.0 20.0
牛后腱 36.5 37.0 36.75
猕猴桃 1.8 2.4 2.1
羊腰子 15.0 15.0 15.0
鹌鹑蛋 6.4 7.0 6.7
久红瑞 1.8 3.0 2.4
纯腔骨 8.0 10.0 9.0
牛前腿 34.0 34.0 34.0
李子 1.0 3.0 2.0
羊蝎子 17.0 18.0 17.5
罗非鱼 9.0 10.0 9.5
虹鳟鱼 18.0 20.0 19.0
甲鱼 23.0 25.0 24.0
柴鸡蛋 5.5 9.5 7.5
雪里蕻 1.2 1.5 1.35
鲟鱼 13.0 15.0 14.0
蚕蛹 35.0 37.0 36.0
乌鸡蛋 8.0 9.5 8.75
散菜花 2.5 4.3 3.4
桂鱼 43.0 43.0 43.0
大白菜 0.8 1.2 1.0
小黄花鱼 10.0 12.0 11.0
母梭子蟹 45.0 55.0 50.0
象拔蚌 140.0 150.0 145.0
牛蛙 10.0 10.0 10.0
鸵鸟蛋 100.0 110.0 105.0
绿菜花 3.0 3.5 3.25
嘎鱼 20.0 20.0 20.0
娃娃菜 1.3 1.5 1.4
国产黄花鱼 14.0 15.0 14.5
公梭子蟹 35.0 45.0 40.0
钉螺 7.0 7.0 7.0
海蜇头 6.0 8.0 7.0
鸽子蛋 3.0 3.0 3.0
绿豆芽 0.95 1.0 0.98
嘎鱼 18.0 18.0 18.0
小白菜 1.0 1.2 1.1
国产黄花鱼 16.0 17.0 16.5
公梭子蟹 45.0 50.0 47.5
海螺丝 35.0 36.0 35.5
海蜇皮 8.0 9.0 8.5
鲤鱼 6.0 6.5 6.25
黄豆芽 0.85 0.9 0.88
淡水鲈鱼 21.0 22.0 21.5
圆白菜 2.0 2.3 2.15
国产黄花鱼 24.0 25.0 24.5珍宝蟹 130.0 150.0 140.0
海螺 14.0 15.0 14.5
海蜇丝 6.0 6.0 6.0
鲤鱼 6.5 6.5 6.5
番茄 1.3 2.5 1.9
泥鳅 10.0 12.0 11.0
圆白菜 1.0 1.3 1.15
国产平鱼 9.0 10.0 9.5
面包蟹 90.0 100.0 95.0
海螺 20.0 25.0 22.5
北豆腐 2.2 2.2 2.2
草鱼 7.0 7.5 7.25
番茄 2.5 3.0 2.75
清江鱼 10.3 11.0 10.65
紫甘蓝 0.8 1.0 0.9
国产平鱼 13.0 14.0 13.5
白虾 29.0 31.0 30.0
海螺 30.0 35.0 32.5
南豆腐 2.0 2.0 2.0
草鱼 7.5 8.0 7.75
黄瓜 2.0 3.5 2.75
燕鲅 10.0 18.0 14.0
芹菜 2.5 3.0 2.75
国产平鱼 20.0 21.0 20.5
白虾 27.0 28.0 27.5
竹蛏子 35.0 40.0 37.5
白玉北豆腐 3.8 3.8 3.8
鲫鱼 8.0 9.0 8.5
黄瓜 3.5 5.0 4.25
鲐鲅 4.0 5.0 4.5
西芹 2.7 3.1 2.9
鱿鱼 13.0 14.0 13.5
白虾 14.0 20.0 17.0
蛏子 14.0 16.0 15.0
香香北豆腐 3.0 3.0 3.0
鲫鱼 9.0 10.0 9.5
小黄瓜 3.7 5.0 4.35
鲽鱼 26.0 28.0 27.0
菠菜 2.0 2.5 2.25
鱿鱼 18.0 20.0 19.0
琵琶虾 25.0 30.0 27.5
海虹 6.0 6.0 6.0
白玉南豆腐 5.0 5.0 5.0
鲫鱼 10.0 11.0 10.5
茄子 2.2 3.3 2.75
八爪鱼 35.0 40.0 37.5
莴笋 1.5 3.0 2.25
海鲈鱼 12.0 14.0 13.0
基围虾 120.0 130.0 125.0
带子 13.0 14.0 13.5
豆腐丝 4.5 5.0 4.75胖头鱼 8.0 9.0 8.5
长茄 1.6 2.8 2.2
八爪鱼 15.0 16.0 15.5
团生菜 3.0 5.0 4.0
墨鱼 20.0 20.0 20.0
罗氏虾 40.0 50.0 45.0
生蚝 11.0 11.0 11.0
精品豆腐丝 5.5 5.5 5.5
胖头鱼 8.5 9.5 9.0
广茄 3.0 4.0 3.5
多宝鱼 40.0 42.0 41.0
散叶生菜 2.5 3.0 2.75
金鲳鱼 12.0 13.0 12.5
小河虾 16.0 24.0 20.0
生蚝 13.0 13.0 13.0
豆腐皮 5.0 5.5 5.25
武昌鱼 10.0 11.0 10.5
线茄 4.0 6.0 5.0
海鳗 9.0 9.0 9.0
罗马生菜 2.6 3.0 2.8
金鲳鱼 13.0 15.0 14.0
鲍鱼 8.0 9.0 8.5
文蛤 12.0 12.0 12.0
豆腐干 4.5 4.5 4.5
鲢鱼 4.0 4.0 4.0
冬瓜 1.4 1.6 1.5
鳕鱼 6.0 7.0 6.5
油菜 1.3 1.5 1.4
小公鱼 8.0 9.0 8.5
鲍鱼 5.0 6.0 5.5
白蛤 4.0 8.0 6.0
精品豆腐干 4.5 4.5 4.5
鲢鱼 3.5 4.0 3.75
冬瓜 0.8 0.9 0.85
国产带鱼 11.0 13.0 12.0
香菜 4.0 6.0 5.0
公河蟹 20.0 23.0 21.5
鲍鱼 4.0 4.0 4.0
青蛤 12.0 12.0 12.0
豆腐泡 5.0 5.0 5.0
鲶鱼 4.0 4.0 4.0
毛冬瓜 1.2 1.5 1.35
国产带鱼 14.0 15.0 14.5
茴香 3.0 3.5 3.25
公河蟹 25.0 28.0 26.5
扇贝（地播） 28.0 28.0 28.0
花蛤 5.0 6.0 5.5
精品豆腐泡 5.0 5.0 5.0
黑鱼 12.0 13.0 12.5
架豆 4.0 7.5 5.75
国产带鱼 16.0 17.0 16.5韭菜 2.8 3.3 3.05
公河蟹 33.0 35.0 34.0
扇贝（地播） 26.0 26.0 26.0
毛蚶 7.0 8.0 7.5
白玉内酯豆腐 2.2 2.2 2.2
黄鳝 35.0 35.0 35.0
豆王 3.5 6.0 4.75
苦菊 1.8 2.0 1.9
母河蟹 30.0 35.0 32.5
栉孔扇贝 5.0 7.0 6.0
田螺 3.0 3.4 3.2
香香内脂豆腐 1.5 1.5 1.5
黄鳝 38.0 38.0 38.0
扁豆 3.0 7.0 5.0
油麦菜 2.5 3.0 2.75
母河蟹 40.0 45.0 42.5
大香螺 42.0 46.0 44.0
海肠子 32.0 33.0 32.5
黄心菜 0.8 1.2 1.0
母河蟹 50.0 55.0 52.5
角螺 50.0 52.0 51.0
甲鱼 40.0 40.0 40.0
鸡毛菜 2.0 2.5 2.25
紫薯 1.8 3.5 2.65
西梅 16.0 17.0 16.5
蜜梨 2.0 2.5 2.25
荆芥 4.0 5.0 4.5
茭白 5.0 7.0 6.0
蜜柿 2.6 3.5 3.05
无籽小号-大号 2.6 3.2 2.9
京白梨 1.6 2.0 1.8
油菜 1.5 2.0 1.75
线椒 3.0 3.5 3.25
豌豆苗 4.0 4.5 4.25
豇豆 3.8 4.5 4.15
荸荠 3.6 4.0 3.8
柿饼 7.0 12.0 9.5
麒麟、甜蜜蜜 3.0 4.2 3.6
贵妃梨 1.2 1.5 1.35
小白菜 2.0 2.5 2.25
杭椒 3.0 3.8 3.4
快菜 2.5 3.0 2.75
白不老 4.0 6.5 5.25
芋头 1.5 2.0 1.75
磨盘柿子 1.5 1.7 1.6
黑美人 2.8 3.0 2.9
蜜桔 1.2 2.4 1.8
油麦菜 3.0 3.5 3.25
小米椒 5.0 6.0 5.5
苦菊 3.0 4.0 3.5
油豆 3.0 5.5 4.25甘露 5.0 5.5 5.25
脆皮柿子 2.0 2.5 2.25
特小凤 2.5 2.8 2.65
小叶桔 2.0 2.5 2.25
奶白菜 2.5 3.0 2.75
彩椒 6.0 7.0 6.5
穿心莲 3.5 4.0 3.75
毛豆 4.0 4.5 4.25
姜 1.5 3.5 2.5
甘蔗 1.3 1.5 1.4
L600吊秧瓜 3.0 4.0 3.5
南丰蜜桔 3.5 4.0 3.75
散生菜 4.0 5.0 4.5
白萝卜 1.0 1.5 1.25
木耳菜 5.0 6.0 5.5
玉米 2.0 2.5 2.25
洋姜 1.2 1.5 1.35
柠檬 4.0 5.0 4.5
甜王 2.6 2.8 2.7
砂糖橘 5.5 7.0 6.25
香葱 6.0 6.5 6.25
心里美 1.4 1.8 1.6
菠萝 2.5 2.8 2.65
花生 2.8 3.5 3.15
大蒜 3.0 4.4 3.7
石榴 3.0 6.0 4.5
国产香蕉 1.8 2.2 2.0
耙耙柑（丑橘） 2.5 3.5 3.0
茼蒿 3.5 4.0 3.75
卞萝卜 0.8 1.0 0.9
圣女果 5.0 6.0 5.5
苦瓜 4.0 4.5 4.25
蒜米 3.2 3.8 3.5
山楂 1.5 4.5 3.0
南美、菲律宾香蕉 2.5 3.3 2.9
爱媛 4.5 6.0 5.25
蒿子秆 1.8 2.0 1.9
芥菜头 0.6 0.8 0.7
百香果 7.0 8.0 7.5
丝瓜 3.5 5.0 4.25
大葱 2.5 3.5 3.0
姑娘果（灯笼果） 7.0 10.0 8.5
泰国香蕉 6.5 7.5 7.0
赣南脐橙Ф65-Ф95 3.5 4.5 4.0
水萝卜 3.0 3.5 3.25
青萝卜 1.2 1.5 1.35
桑葚 12.0 14.0 13.0
西葫芦 1.8 2.2 2.0
小葱 5.0 6.0 5.5
123 1.5 2.0 1.75
晓蜜25号 2.2 2.6 2.4冰糖橙 1.8 3.5 2.65
樱桃萝卜 1.5 2.0 1.75
胡萝卜 0.8 1.3 1.05
冬枣 2.0 6.0 4.0
西葫芦 2.2 2.8 2.5
蒜苗 3.0 6.5 4.75
鸭梨 1.1 1.5 1.3
黄金瓜 3.0 3.5 3.25
金桔 6.0 8.0 7.0
香芹 3.0 4.0 3.5
胡萝卜 1.2 1.5 1.35
黑枣 7.0 9.0 8.0
佛手瓜 1.5 2.0 1.75
蒜黄 4.0 4.5 4.25
雪花梨 1.2 1.5 1.35
玉菇 3.0 3.8 3.4
蜜柚 1.8 2.8 2.3
菠菜 5.0 6.0 5.5
土豆 0.75 0.9 0.83
宁玉草莓 22.0 23.0 22.5
贝贝南瓜 2.5 2.6 2.55
青蒜 4.0 4.5 4.25
皇冠梨 1.8 2.2 2.0
网纹 3.5 4.5 4.0
蜜柚 1.0 1.6 1.3
苋菜 2.5 3.0 2.75
土豆 0.9 1.2 1.05
人参果 3.5 5.0 4.25
金丝南瓜 1.1 1.4 1.25
平菇 2.5 3.0 2.75
皇冠梨 1.4 1.8 1.6
西洲蜜 1.8 2.4 2.1
青州蜜桃 2.0 3.0 2.5
菊花菜 3.5 4.0 3.75
葱头 0.9 1.0 0.95
火龙果 2.0 6.0 4.0
板栗南瓜 1.4 1.5 1.45
香菇 3.0 5.0 4.0
南果梨 1.5 3.5 2.5
羊角蜜 3.0 3.5 3.25
晚蜜 3.0 5.0 4.0
黄心菜 3.5 4.5 4.0
葱头 1.3 1.5 1.4
火龙果 3.5 5.0 4.25
南北瓜 0.7 0.8 0.75
白玉菇 4.5 5.5 5.0
丰水梨 3.0 3.4 3.2
花蕾甜瓜 2.8 3.5 3.15
猕猴桃 3.5 5.5 4.5
青蒜 4.0 4.5 4.25
山药 2.6 3.5 3.05板栗 2.5 3.0 2.75
尖椒 3.0 3.6 3.3
口蘑 8.0 9.0 8.5
广梨 1.5 3.0 2.25
绿宝甜瓜 2.5 3.5 3.0
猕猴桃 2.0 2.6 2.3
盖菜 2.0 3.0 2.5
山药 3.8 7.5 5.65
油栗 4.0 8.0 6.0
红尖椒 3.5 5.5 4.5
杏鲍菇 3.0 4.0 3.5
酥梨 1.5 1.8 1.65
博阳 2.8 3.5 3.15
猕猴桃 1.8 2.4 2.1
芥兰 3.0 3.5 3.25
莲藕 2.5 3.5 3.0
木瓜 3.7 4.0 3.85
美人椒 4.5 7.0 5.75
金针菇 3.5 3.8 3.65
库尔勒香梨 3.5 4.3 3.9
久红瑞 1.8 3.0 2.4
李子 1.0 3.0 2.0
菜心 2.5 3.0 2.75
红薯 0.8 1.1 0.95
螺丝椒 4.0 4.5 4.25
红啤梨 3.5 4.5 4.0
空心菜 3.0 3.5 3.25
红薯 1.5 1.8 1.65
柿子椒 3.0 4.0 3.5
水仙芒果 10.0 11.0 10.5
白条猪 10.75 10.75 10.75
罗非鱼 9.0 10.0 9.5
鸡琵琶腿 7.0 7.5 7.25
白条猪 9.25 9.25 9.25
虹鳟鱼 18.0 20.0 19.0
鸡胗 12.0 16.0 14.0
腔排骨 13.0 15.0 14.0
富士 1.8 2.4 2.1
牛后腿 34.0 34.0 34.0
柴鸡蛋 5.5 9.5 7.5
羊蝎子 26.0 26.0 26.0
前臀尖 10.0 11.0 10.5
鲟鱼 13.0 15.0 14.0
鸡爪 15.0 15.0 15.0
棒骨 9.0 10.0 9.5
富士 2.8 3.8 3.3
牛腰窝 34.0 34.0 34.0
乌鸡蛋 8.0 9.5 8.75
羊排骨 25.0 26.0 25.5
前臀尖 9.5 10.0 9.75
桂鱼 43.0 43.0 43.0鸡心 6.0 6.0 6.0
猪头 9.0 9.0 9.0
富士 2.0 2.5 2.25
牛柳 37.0 37.0 37.0
鸵鸟蛋 100.0 110.0 105.0
羊尾巴油 8.0 8.0 8.0
后臀尖 10.0 11.0 10.5
嘎鱼 20.0 20.0 20.0
鸡肝 2.5 2.5 2.5
猪口条 14.0 14.0 14.0
黄元帅 1.6 2.4 2.0
精牛柳 40.0 42.0 41.0
鸽子蛋 3.0 3.0 3.0
羊小腿 23.0 24.0 23.5
后臀尖 9.5 10.0 9.75
嘎鱼 18.0 18.0 18.0
鸡脖子 4.5 4.5 4.5
猪耳 26.0 26.0 26.0
花牛 1.5 2.8 2.15
牛腩 33.0 34.0 33.5
鲤鱼 6.0 6.5 6.25
羊腱子肉 35.0 36.0 35.5
五花肉 11.5 13.0 12.25
淡水鲈鱼 21.0 22.0 21.5
鸡头 2.5 2.5 2.5
猪脑 28.0 30.0 29.0
阿克苏 3.5 4.5 4.0
牛林 33.0 34.0 33.5
鲤鱼 6.5 6.5 6.5
羊上脑 34.0 34.0 34.0
五花肉 10.0 11.5 10.75
泥鳅 10.0 12.0 11.0
鸡架子 2.5 2.5 2.5
猪肚 16.0 16.0 16.0
国光 1.6 2.4 2.0
牛油 5.0 5.0 5.0
草鱼 7.0 7.5 7.25
羊骨头 10.0 10.0 10.0
纯通脊 11.0 12.0 11.5
清江鱼 10.3 11.0 10.65
白条乌鸡 11.0 11.0 11.0
猪板油 6.0 6.0 6.0
寒富苹果 1.5 1.8 1.65
牛金钱腱 48.0 50.0 49.0
草鱼 7.5 8.0 7.75
羊腩 25.0 25.0 25.0
通脊 9.0 10.0 9.5
燕鲅 10.0 18.0 14.0
黑爪公鸡 12.0 12.0 12.0
肥膘肉 4.0 5.0 4.5
王林 1.2 1.5 1.35牛骨 5.0 5.0 5.0
鲫鱼 8.0 9.0 8.5
羊里脊 34.0 34.0 34.0
纯瘦肉 10.5 11.0 10.75
鲐鲅 4.0 5.0 4.5
鸭腿 6.0 6.5 6.25
猪腰子 14.0 15.0 14.5
阳光玫瑰 10.0 23.0 16.5
牛排骨 30.0 30.0 30.0
鲫鱼 9.0 10.0 9.5
淘汰鸡 10.0 10.0 10.0
护心肉 13.0 13.0 13.0
鲽鱼 26.0 28.0 27.0
白条湖鸭 7.0 7.0 7.0
猪心 8.0 8.0 8.0
红提 4.0 5.0 4.5
牛板筋 34.0 35.0 34.5
鲫鱼 10.0 11.0 10.5
淘汰鸡 9.0 9.5 9.25
前肘 8.0 10.0 9.0
八爪鱼 35.0 40.0 37.5
箱鸡蛋 232.0 240.0 236.0
猪肝 5.0 5.0 5.0
红宝石 4.5 5.0 4.75
牛尾 30.0 30.0 30.0
胖头鱼 8.0 9.0 8.5
仔鸡 6.5 7.0 6.75
后肘（带骨） 7.0 8.0 7.5
八爪鱼 15.0 18.0 16.5
箱鸡蛋 5.27 5.45 5.36
猪肺 3.0 4.0 3.5
克伦生 6.0 8.0 7.0
牛上脑 34.0 34.0 34.0
胖头鱼 8.5 9.5 9.0
肉鸡 6.5 6.5 6.5
后肘（去骨） 9.0 9.5 9.25
多宝鱼 40.0 42.0 41.0
散鸡蛋 5.6 5.6 5.6
猪皮 3.0 5.0 4.0
辽峰 3.5 5.5 4.5
整羊 24.0 25.5 24.75
武昌鱼 10.0 11.0 10.5
鸡胸 6.5 7.0 6.75
猪尾巴 38.0 38.0 38.0
海鳗 9.0 9.0 9.0
生鸭蛋 6.7 7.5 7.1
猪肠头 16.0 16.0 16.0
新疆无核 3.8 5.0 4.4
去骨羊前腿 34.0 34.0 34.0
鲢鱼 4.0 4.0 4.0
鸡翅 10.0 10.5 10.25猪蹄 17.0 17.0 17.0
鳕鱼 6.0 7.0 6.5
熟鸭蛋 7.3 8.5 7.9
猪肠 14.0 14.0 14.0
巨峰 2.5 3.0 2.75
去骨羊后腿 35.0 35.0 35.0
鲢鱼 3.5 4.0 3.75
鸡翅尖 7.0 7.5 7.25
纯排骨 19.0 23.0 21.0
国产带鱼 11.0 13.0 12.0
松花蛋 7.2 8.5 7.85
母梭子蟹 45.0 55.0 50.0
小黄花鱼 10.0 12.0 11.0
大白菜 0.9 1.3 1.1
象拔蚌 140.0 150.0 145.0
甲鱼 23.0 25.0 24.0
雪里蕻 1.2 1.5 1.35
线椒 3.0 3.5 3.25
豇豆 4.0 5.0 4.5
整牛 32.5 32.75 32.63
木纳格 3.0 4.8 3.9
羊腰窝 33.0 33.0 33.0
鲶鱼 4.0 4.0 4.0
鸡翅中 20.0 20.0 20.0
纯腔骨 8.0 10.0 9.0
国产带鱼 14.0 15.0 14.5
鹅蛋 13.0 15.0 14.0
公梭子蟹 35.0 45.0 40.0
国产黄花鱼 14.0 15.0 14.5
娃娃菜 1.3 1.5 1.4
钉螺 7.0 7.0 7.0
蚕蛹 35.0 37.0 36.0
散菜花 4.0 4.5 4.25
杭椒 3.0 4.0 3.5
白不老 4.0 6.5 5.25
牛前腱 36.5 37.0 36.75
紫甜 4.0 5.0 4.5
羊肉片 34.0 38.0 36.0
黑鱼 12.0 13.0 12.5
鸡翅根 7.5 7.5 7.5
国产带鱼 16.0 17.0 16.5
鹌鹑蛋 6.4 7.0 6.7
公梭子蟹 45.0 50.0 47.5
国产黄花鱼 16.0 17.0 16.5
小白菜 1.6 2.0 1.8
海螺丝 35.0 36.0 35.5
牛蛙 10.0 10.0 10.0
绿菜花 3.5 4.5 4.0
小米椒 6.0 7.0 6.5
油豆 3.0 5.5 4.25
牛后腱 36.5 37.0 36.75凯特 4.0 4.5 4.25
羊腰子 15.0 15.0 15.0
黄鳝 35.0 35.0 35.0
鸡边腿 6.5 7.0 6.75
珍宝蟹 130.0 150.0 140.0
国产黄花鱼 24.0 25.0 24.5
圆白菜 2.0 2.3 2.15
海螺 14.0 15.0 14.5
海蜇头 6.0 8.0 7.0
绿豆芽 0.95 1.0 0.98
彩椒 6.0 7.0 6.5
毛豆 4.0 4.5 4.25
牛前腿 34.0 34.0 34.0
肯特\新世纪\澳芒 4.0 6.0 5.0
羊蝎子 17.0 18.0 17.5
黄鳝 38.0 38.0 38.0
鸡排腿 7.0 7.5 7.25
面包蟹 90.0 100.0 95.0
国产平鱼 9.0 10.0 9.5
圆白菜 1.0 1.3 1.15
海螺 20.0 25.0 22.5
海蜇皮 8.0 9.0 8.5
黄豆芽 0.85 0.9 0.88
白萝卜 1.2 1.5 1.35
玉米 2.0 2.5 2.25
白虾 28.5 30.0 29.25
国产平鱼 13.0 14.0 13.5
紫甘蓝 0.8 1.0 0.9
海螺 30.0 35.0 32.5
海蜇丝 6.0 6.0 6.0
番茄 1.5 2.6 2.05
心里美 1.4 1.8 1.6
花生 2.8 4.0 3.4
白虾 25.5 27.0 26.25
国产平鱼 20.0 21.0 20.5
芹菜 2.5 3.2 2.85
竹蛏子 35.0 40.0 37.5
北豆腐 2.2 2.2 2.2
番茄 2.5 3.2 2.85
卞萝卜 0.8 1.0 0.9
苦瓜 4.5 5.0 4.75
白虾 14.0 20.0 17.0
鱿鱼 13.0 14.0 13.5
西芹 2.7 3.1 2.9
蛏子 14.0 16.0 15.0
南豆腐 2.0 2.0 2.0
黄瓜 2.3 3.5 2.9
芥菜头 0.6 0.8 0.7
丝瓜 3.5 5.0 4.25
琵琶虾 25.0 30.0 27.5
鱿鱼 18.0 20.0 19.0菠菜 3.0 4.0 3.5
海虹 6.0 6.0 6.0
白玉北豆腐 3.8 3.8 3.8
黄瓜 3.5 5.0 4.25
青萝卜 1.2 1.5 1.35
西葫芦 1.8 2.0 1.9
基围虾 120.0 130.0 125.0
海鲈鱼 12.0 14.0 13.0
莴笋 2.0 3.5 2.75
带子 13.0 14.0 13.5
香香北豆腐 3.0 3.0 3.0
小黄瓜 3.7 5.0 4.35
胡萝卜 0.9 1.3 1.1
西葫芦 2.3 2.7 2.5
罗氏虾 40.0 50.0 45.0
墨鱼 20.0 20.0 20.0
团生菜 2.0 5.0 3.5
生蚝 11.0 11.0 11.0
白玉南豆腐 5.0 5.0 5.0
茄子 2.2 3.6 2.9
胡萝卜 1.2 1.5 1.35
佛手瓜 1.5 2.0 1.75
小河虾 17.0 24.0 20.5
金鲳鱼 12.0 13.0 12.5
散叶生菜 2.6 3.5 3.05
生蚝 13.0 13.0 13.0
豆腐丝 4.5 5.0 4.75
长茄 1.8 3.2 2.5
土豆 0.8 0.9 0.85
贝贝南瓜 2.5 2.6 2.55
鲍鱼 8.0 9.0 8.5
金鲳鱼 13.0 15.0 14.0
罗马生菜 3.0 3.5 3.25
文蛤 12.0 12.0 12.0
精品豆腐丝 5.5 5.5 5.5
广茄 3.0 4.0 3.5
土豆 0.9 1.2 1.05
金丝南瓜 1.1 1.4 1.25
鲍鱼 5.0 6.0 5.5
小公鱼 8.0 9.0 8.5
油菜 1.3 1.8 1.55
白蛤 4.0 8.0 6.0
豆腐皮 5.0 5.5 5.25
线茄 2.0 5.5 3.75
葱头 0.9 1.1 1.0
板栗南瓜 1.4 1.5 1.45
鲍鱼 4.0 4.0 4.0
公河蟹 20.0 23.0 21.5
香菜 4.0 6.0 5.0
青蛤 12.0 12.0 12.0
豆腐干 4.5 4.5 4.5冬瓜 1.4 1.6 1.5
葱头 1.3 1.5 1.4
南北瓜 0.7 0.8 0.75
扇贝（地播） 28.0 28.0 28.0
公河蟹 25.0 28.0 26.5
茴香 3.5 4.5 4.0
花蛤 5.0 6.0 5.5
精品豆腐干 4.5 4.5 4.5
冬瓜 0.8 0.9 0.85
山药 2.4 3.0 2.7
尖椒 2.0 3.5 2.75
扇贝（地播） 26.0 26.0 26.0
公河蟹 35.0 37.0 36.0
韭菜 2.8 3.3 3.05
毛蚶 7.0 8.0 7.5
豆腐泡 5.0 5.0 5.0
毛冬瓜 1.2 1.5 1.35
山药 3.0 7.0 5.0
红尖椒 3.5 5.5 4.5
栉孔扇贝 5.0 7.0 6.0
母河蟹 30.0 35.0 32.5
苦菊 3.0 3.8 3.4
田螺 3.0 3.4 3.2
精品豆腐泡 5.0 5.0 5.0
架豆 4.0 7.5 5.75
莲藕 2.5 3.5 3.0
美人椒 3.5 7.0 5.25
大香螺 42.0 46.0 44.0
母河蟹 40.0 45.0 42.5
油麦菜 3.5 4.0 3.75
海肠子 32.0 33.0 32.5
白玉内酯豆腐 2.2 2.2 2.2
豆王 3.5 5.5 4.5
红薯 0.8 1.1 0.95
螺丝椒 2.5 4.5 3.5
角螺 50.0 52.0 51.0
母河蟹 50.0 55.0 52.5
黄心菜 0.8 1.2 1.0
甲鱼 40.0 40.0 40.0
香香内脂豆腐 1.5 1.5 1.5
扁豆 3.0 7.0 5.0
红薯 1.5 1.8 1.65
柿子椒 2.2 4.2 3.2
油菜 1.8 2.0 1.9
紫薯 1.8 3.5 2.65
小白菜 2.5 3.0 2.75
茭白 5.0 7.0 6.0
油麦菜 3.0 4.0 3.5
荸荠 3.6 4.0 3.8
奶白菜 3.0 3.5 3.25
芋头 1.5 2.0 1.75散生菜 4.0 5.0 4.5
甘露 5.0 5.5 5.25
香葱 5.5 6.0 5.75
姜 1.5 3.5 2.5
茼蒿 3.5 4.0 3.75
洋姜 1.2 1.5 1.35
蒿子秆 2.5 3.0 2.75
大蒜 3.0 4.4 3.7
水萝卜 3.0 3.5 3.25
蒜米 3.2 4.0 3.6
樱桃萝卜 1.5 2.0 1.75
大葱 2.5 3.5 3.0
香芹 3.0 4.0 3.5
小葱 5.0 6.0 5.5
菠菜 4.5 5.5 5.0
蒜苗 3.0 6.5 4.75
苋菜 2.5 3.0 2.75
蒜黄 4.5 5.5 5.0
菊花菜 3.5 4.0 3.75
青蒜 3.5 4.5 4.0
黄心菜 3.5 4.5 4.0
平菇 2.6 3.0 2.8
青蒜 4.0 4.5 4.25
香菇 3.0 5.0 4.0
盖菜 2.0 3.0 2.5
白玉菇 4.5 5.5 5.0
芥兰 3.0 4.0 3.5
口蘑 8.0 9.0 8.5
菜心 2.5 3.0 2.75
杏鲍菇 3.0 4.0 3.5
空心菜 3.0 3.5 3.25
金针菇 3.5 3.8 3.65